import json

solutionn = {}

solution = {"a_0_dir": [[1], [-1], [1]] , "a_0_point": [[0], [0], [0]], "a_1_dir":[[ 1.0],[-1.0],[ 1]] , "a_1_point": [[ 1.7270536 ], [ 0.66658005], [-1.06047355]],
"sigma1": [[-0.1953],  [0.3106],  [0.5059]], "sigma2": [[-0.5059], [-0.1953],  [0.3106]],
"p": [[ 1.7270536 ], [ 0.66658005], [-1.06047355]], "p_pr": [[1.38192027], [1.60931339], [0.22739312]], "p_pr_pr": [[1.39372026975547], [2.21871338693955],[-1.39380688281593]]
}
# real_sols = [{"theta1": 1.127468373432613, "theta2": 0.2039093984950222, "theta3":-0.2737138783532377, "theta4":2.572411437250575, "theta5":-1.983703908249379,"theta6":1.165654904991953 },
#             {"theta1": 1.1126622986826036, "theta2": 1.2376758835579915, "theta3":-2.253886227149838, "theta4":2.9302903492432306, "theta5":-2.875602086376289,"theta6":0.6876619420907202 },
#             {"theta1": 1.0923200221348544, "theta2": 0.13990034212913716, "theta3":-0.12495471263752847, "theta4":-0.6152671679958794, "theta5":-1.2478446560765093,"theta6":-1.9255644265174474 },    
#             {"theta1": 1.1093497248791047, "theta2": 1.3487915837018318, "theta3":-2.420049102258195, "theta4":-0.205258603386843, "theta5":-0.212476896802267,"theta6":-2.46734410180606 }, 
 

# real_sols["theta1"] = [[1.127468373432613], [1.1126622986826036], [1.0923200221348544], [1.1093497248791047]]
# real_sols["theta2"] = [[0.2039093984950222], [1.2376758835579915], [0.13990034212913716], [1.3487915837018318]]
# real_sols["theta3"]=  [[-0.2737138783532377], [-2.253886227149838], [-0.12495471263752847], [-2.420049102258195]]
# real_sols["theta4"] = [[2.572411437250575], [2.9302903492432306], [-0.6152671679958794], [-0.205258603386843]]
# real_sols["theta5"] = [[-1.983703908249379], [-2.875602086376289], [-1.2478446560765093], [-0.212476896802267]]
# real_sols["theta6"]=  [[1.165654904991953], [0.6876619420907202], [-1.9255644265174474], [-2.46734410180606]]


j = json.dumps(solution)
with open("hw05.json", "w") as outfile:
    outfile.write(j)
    outfile.close()